0.01 1.0130619100674823 2.0221459897371905 3.02326972892379
0.02 1.026249293230615 2.044587950843519 3.0470839019613507
0.03 1.0395646578757407 2.0673319464389337 3.0714501589878638
0.04 1.0530105517520076 2.090384142163436 3.0963763569564002
0.05 1.0665895629392188 2.1137508088970427 3.1218705738859005
0.06 1.080304320835377 2.137438325534698 3.147941112978562
0.07 1.0941574971644938 2.1614531818178424 3.174596506869485
0.08 1.1081518070052367 2.185801981224387 3.201845522011527
0.09 1.122290009841008 2.2104914439188788 3.229697163198429
0.1 1.1365749106320617 2.235528409764689 3.2581606782293733
0.11 1.1510093609102787 2.2609198414001024 3.2872455627182546
0.12 1.1655962598972363 2.286672827380225 3.316961565051048
0.13 1.1803385556462263 2.3127945853866776 3.347318691494784
0.14 1.1952392462088899 2.339292465507094 3.378327211461749
0.15 1.2103013808271537 2.366173953586493 3.4099976629326654
0.16 1.2255280611511716 2.393446674652637 3.4423408580427184
0.17 1.2409224424839949 2.4211183964175538 3.4753678888344353
0.18 1.2564877350537067 2.4491970328574544 3.5090901331815494
0.19 1.272227205313785 2.477690647873323 3.5435192608881247
0.2 1.288144177272468 2.5066074590345315 3.5786672399673485
0.21 1.3042420338519245 2.535955841407883 3.614546343104554
0.22 1.3205242182780477 2.5657443314745514 3.651169154309177
0.23 1.3369942355017153 2.5959816311374553 3.688548575760503
0.24 1.3536556536523787 2.6266766118216633 3.726697834852227
0.25 1.3705121055248706 2.657838318670506 3.7656304914409966
0.26 1.3875672901003389 2.689475974840135 3.8053604453042933
0.27 1.404824974102245 2.7215989858953478 3.84590194381316
0.28 1.4222889935883853 2.754216944309565 3.8872695898254763
0.29 1.4399632555799242 2.787339634071945 3.9294783498056525
0.3 1.4578517397284483 2.8209770354046713 3.972543562176811
0.31 1.475958500022088 2.855139329593566 4.0164809459117095
0.32 1.494287666531771 2.889836903935242 4.061306609368867
0.33 1.5128434471987093 2.9250803568041093 4.107037059380544
0.34 1.5316301296642476 2.9608805028426413 4.153689210599474
0.35 1.550652083143233 2.9972483782783987 4.201280395111404
0.36 1.5699137603421 3.0341952463714117 4.2498283723207955
0.37 1.5894196994228924 3.0717326029956125 4.299351339117212
0.38 1.6091745260144865 3.1098721823581283 4.349867940330191
0.39 1.6291829552723067 3.1486259628603417 4.401397279480626
0.4 1.6494497939878654 3.1880061731047387 4.453958929836961
0.41 1.6699799427494966 3.2280252980516817 4.507572945784733
0.42 1.690778398155689 3.2686960853303635 4.5622598745182925
0.43 1.711850255082465 3.3100315517083128 4.618040768063802
0.44 1.7332007090062955 3.3520449897239586 4.674937195642889
0.45 1.7548350583840777 3.39474997448688 4.732971256386662
0.46 1.7767587070917503 3.4381603706505097 4.792165592410048
0.47 1.7989771669231662 3.4822903395621925 4.852543402256789
0.48 1.8214960601508843 3.527154346595644 4.914128454725712
0.49 1.8443211221505948 3.572767168671005 4.976945103089254
0.5 1.8674582040909404 3.6191439019678286 5.041018299715547
0.51 1.8909132756905427 3.6662999698365097 5.1063736111057505
0.52 1.9146924280441016 3.71425113091381 5.173037233358682
0.53 1.9388018765194852 3.7630134874483137 5.241036008075155
0.54 1.9632479637277835 3.812603493841808 5.310397438714877
0.55 1.9880371625683602 3.8630379654127704 5.381149707419109
0.56 2.01317607935099 3.91433408738832 5.453321692312766
0.57 2.038671456997236 3.9665094241311842 5.526942985300032
0.58 2.0645301783232832 4.019581928608423 5.602043910368025
0.59 2.090759269406502 4.073569952108854 5.678655542413519
0.6 2.1173659030380954 4.12849225421634 5.756809726608204
0.61 2.1443574022642427 4.184368013046289 5.8365390983184415
0.62 2.171741244018225 4.241216835752968 5.917877103596024
0.63 2.1995250628460976 4.2990587693154465 6.000858020256933
0.64 2.22771665472854 4.357914311610207 6.085516979565665
0.65 2.256323981001604 4.417804422778733 6.17188998854324
0.66 2.2853551723791528 4.478750536898607 6.260013952917602
0.67 2.3148185330798663 4.54077457396693 6.349926700735719
0.68 2.344722545061783 4.603898952205132 6.441667006657301
0.69 2.3750758723674283 4.668146600694514 6.535274616950721
0.7 2.405887365582676 4.733540972352167 6.630790275212362
0.71 2.4371660664125763 4.800106057257181 6.72825574883132
0.72 2.4689212123774964 4.867866396337375 6.827713856222085
0.73 2.5011622416330024 4.9368470954271055 6.9292084948485755
0.74 2.533898797917025 5.007073839707003 7.0327846700636405
0.75 2.5671407356279614 5.078572908536844 7.13848852478894
0.76 2.6008981250374648 5.151371190693114 7.246367370060921
0.77 2.6351812576417992 5.225496200023145 7.356469716469441
0.78 2.670000651655746 5.300976091528127 7.468845306516468
0.79 2.7053670576531776 5.377839677887611 7.583545147923164
0.8 2.7412914643585307 5.45611644643858 7.700621547914606
0.81 2.777785104593549 5.535836576622517 7.820128148512336
0.82 2.8148594613837976 5.617030957914345 7.942119962865946
0.83 2.85252627422958 5.699731208247548 8.066653412655903
0.84 2.8907975455460475 5.783969692950206 8.193786366600895
0.85 2.9296855472774226 5.869779544207172 8.323578180104079
0.86 2.9692028276904217 5.9571946810640695 8.45608973607373
0.87 3.0093622183521083 6.0462498299892875 8.591383486954973
0.88 3.050176841297583 6.136980546010675 8.729523498010499
0.89 3.091660116393071 6.229423234444143 8.870575491889406
0.9 3.1338257689001483 6.323615173231936 9.014606894524627
0.91 3.1766878372470284 6.419594535908892 9.161686882400724
0.92 3.2202606810130066 6.517400415215609 9.311886431235248
0.93 3.264558989132357 6.617072847377989 9.465278366118268
0.94 3.3095977883241763 6.718652837073327 9.621937413156216
0.95 3.35539245175486 6.822182383103662 9.781940252667665
0.96 3.401958707940121 6.92770450479786 9.945365573980316
0.97 3.4493126498936673 7.035263269164501 10.112294131880086
0.98 3.4974707445298874 7.144903818818423 10.28280880476491
0.99 3.546449842328113 7.25667240070445 10.456994654557642
1.0 3.5962671872662826 7.370616395642625 10.63493898843425
